1 44058U 19010B   19231.91431524 +.00000158 +00000-0 +38602-3 0  9993
2 44058 087.9035 034.6915 0001505 098.8965 261.2335 13.15301275023059
1 44058U 19010B   19230.92538353 +.00000075 +00000-0 +16480-3 0  9999
2 44058 087.9034 034.8883 0001493 097.9318 262.1982 13.15301258022926
1 44058U 19010B   19229.86038008 -.00000034 +00000-0 -12387-3 0  9991
2 44058 087.9032 035.1003 0001499 096.8662 263.2639 13.15301207022787
1 44058U 19010B   19228.87144846 -.00000112  00000-0 -33396-3 0  9999
2 44058  87.9030  35.2971 0001501  96.0399 264.0902 13.15301134 22650
1 44058U 19010B   19227.50215917 -.00000126 +00000-0 -37129-3 0  9999
2 44058 087.9026 035.5697 0001502 094.9609 265.1693 13.15301034022473
1 44058U 19010B   19226.89358639 -.00000092 +00000-0 -27808-3 0  9994
2 44058 087.9025 035.6909 0001500 094.7004 265.4297 13.15301009022390
1 44058U 19010B   19225.44822638 +.00000051 +00000-0 +10228-3 0  9990
2 44058 087.9023 035.9787 0001495 093.7856 266.3445 13.15300964022206
1 44058U 19010B   19224.68751052 +.00000119 +00000-0 +28290-3 0  9999
2 44058 087.9023 036.1301 0001486 093.5357 266.5943 13.15300903022102
1 44058U 19010B   19224.68751052  .00000119  00000-0  28290-3 0  9999
2 44058  87.9023  36.1301 0001486  93.5357 266.5943 13.15300903 22102
1 44058U 19010B   19222.93786329 +.00000187 +00000-0 +46544-3 0  9997
2 44058 087.9021 036.4784 0001461 092.4991 267.6307 13.15300857021870
1 44058U 19010B   19222.86179165 +.00000187 +00000-0 +46306-3 0  9999
2 44058 087.9021 036.4936 0001461 092.4180 267.7117 13.15300846021866
1 44058U 19010B   19221.94893162 +.00000152 +00000-0 +37134-3 0  9998
2 44058 087.9022 036.6753 0001466 091.2738 268.8560 13.15300856021749
1 44058U 19010B   19220.57964070  .00000017  00000-0  11151-4 0  9995
2 44058  87.9000  36.9480 0001461  97.6933 262.4363 13.15300700 21566
1 44058U 19010B   19219.59070905 -.00000077 +00000-0 -23914-3 0  9997
2 44058 087.9021 037.1451 0001448 089.3804 270.7492 13.15294691021432
1 44058U 19010B   19218.06926867 -.00000140  00000-0 -40711-3 0  9990
2 44058  87.9019  37.4481 0001455  88.6469 271.4828 13.15294599 21238
1 44058U 19010B   19217.91712469 -.00000136 +00000-0 -39735-3 0  9993
2 44058 087.9019 037.4784 0001456 088.6148 271.5148 13.15294596021210
1 44058U 19010B   19216.92818905 -.00000087 +00000-0 -26653-3 0  9995
2 44058 087.9017 037.6754 0001467 087.6634 272.4664 13.15294562021089
1 44058U 19010B   19215.55889395 +.00000042 +00000-0 +77519-4 0  9991
2 44058 087.9016 037.9482 0001474 086.5193 273.6106 13.15294531020905
1 44058U 19010B   19214.87424641 +.00000107 +00000-0 +25143-3 0  9991
2 44058 087.9016 038.0846 0001481 085.9219 274.2080 13.15294513020819
1 44058U 19010B   19213.88531075 +.00000175 +00000-0 +43334-3 0  9998
2 44058 087.9017 038.2816 0001492 085.0816 275.0485 13.15294550020689
1 44058U 19010B   19212.89637465 +.00000186 +00000-0 +46223-3 0  9990
2 44058 087.9017 038.4786 0001500 084.3813 275.7488 13.15294581020556
1 44058U 19010B   19211.90743815 +.00000129 +00000-0 +31110-3 0  9994
2 44058 087.9017 038.6756 0001506 083.8758 276.2544 13.15294547020420
1 44058U 19010B   19210.53814101 -.00000001 +00000-0 -36930-4 0  9996
2 44058 087.9017 038.9483 0001518 084.2505 275.8798 13.15294494020245
1 44058U 19010B   19209.92956454 -.00000054 +00000-0 -17749-3 0  9999
2 44058 087.9017 039.0695 0001525 083.8780 276.2523 13.15294453020167
1 44058U 19010B   19208.94062801 -.00000120 +00000-0 -35394-3 0  9994
2 44058 087.9016 039.2665 0001535 083.3441 276.7864 13.15294338020036
1 44058U 19010B   19207.64740392 -.00000094 +00000-0 -28596-3 0  9994
2 44058 087.9016 039.5243 0001569 080.5674 279.5634 13.15294237019868
1 44058U 19010B   19206.58239619 -.00000014 +00000-0 -70946-4 0  9990
2 44058 087.9014 039.7363 0001574 079.0303 281.1004 13.15294205019729
1 44058U 19010B   19205.89774863 +.00000050 +00000-0 +98986-4 0  9990
2 44058 087.9015 039.8726 0001539 078.3846 281.7456 13.15293614019639
1 44058U 19010B   19205.44131623  .00000093  00000-0  21419-3 0  9995
2 44058  87.9020  39.9632 0001417  80.8749 279.2542 13.15292578 19576
1 44058U 19010B   19204.45238317 +.00000160 +00000-0 +39176-3 0  9997
2 44058 087.9017 040.1609 0001567 078.5339 281.5967 13.15301260019447
1 44058U 19010B   19203.91988188 +.00000180 +00000-0 +44625-3 0  9992
2 44058 087.9017 040.2669 0001574 078.3470 281.7837 13.15301308019379
1 44058U 19010B   19202.55059252 +.00000140 +00000-0 +33882-3 0  9991
2 44058 087.9017 040.5397 0001606 077.5329 282.5981 13.15301322019195
1 44058U 19010B   19202.09416257  .00000104  00000-0  24361-3 0  9994
2 44058  87.9017  40.6306 0001611  77.3102 282.8208 13.15301304 19138
1 44058U 19010B   19201.63773255 +.00000064 +00000-0 +13722-3 0  9991
2 44058 087.9017 040.7215 0001622 077.4152 282.7160 13.15301313019075
1 44058U 19010B   19200.87701591 -.00000010 +00000-0 -61570-4 0  9998
2 44058 087.9017 040.8730 0001638 077.2892 282.8422 13.15301257018971
1 44058U 19010B   19199.50772612 -.00000113 +00000-0 -33569-3 0  9997
2 44058 087.9017 041.1458 0001663 076.5178 283.6138 13.15301150018794
1 44058U 19010B   19198.06236536 -.00000106  00000-0 -31645-3 0  9992
2 44058  87.9017  41.4337 0001689  76.2395 283.8923 13.15301058 18600
1 44058U 19010B   19197.07343479 -.00000034 +00000-0 -12417-3 0  9993
2 44058 087.9017 041.6307 0001704 076.0554 284.0766 13.15300985018473
1 44058U 19010B   19196.46486222 +.00000029 +00000-0 +44208-4 0  9995
2 44058 087.9018 041.7519 0001714 075.6464 284.4857 13.15300949018392
1 44058U 19010B   19195.62807485 +.00000109 +00000-0 +25691-3 0  9993
2 44058 087.9019 041.9186 0001727 075.4805 284.6517 13.15300918018285
1 44058U 19010B   19194.94343049 +.00000163 +00000-0 +40132-3 0  9995
2 44058 087.9020 042.0550 0001736 075.5935 284.5388 13.15300914018190
1 44058U 19010B   19193.80235601  .00000203  00000-0  50812-3 0  9994
2 44058  87.9021  42.2822 0001763  75.6227 284.5099 13.15300994 18041
1 44058U 19010B   19191.67234910 +.00000043 +00000-0 +79572-4 0  9996
2 44058 087.9024 042.7065 0001795 074.5610 285.5719 13.15300897017767
1 44058U 19010B   19190.60734539 -.00000069 +00000-0 -21693-3 0  9990
2 44058 087.9024 042.9186 0001814 074.4468 285.6863 13.15300840017629
1 44058U 19010B   19189.61841363 -.00000134 +00000-0 -39159-3 0  9992
2 44058 087.9024 043.1156 0001832 074.2162 285.9170 13.15300780017490
1 44058U 19010B   19188.85769715 -.00000142 +00000-0 -41165-3 0  9996
2 44058 087.9024 043.2670 0001847 074.1910 285.9424 13.15300749017394
1 44058U 19010B   19188.78162551 -.00000140  00000-0 -40682-3 0  9994
2 44058  87.9024  43.2822 0001848  74.1652 285.9682 13.15300753 17387
1 44058U 19010B   19187.94483773 -.00000092 +00000-0 -28006-3 0  9995
2 44058 087.9024 043.4488 0001864 074.1972 285.9364 13.15300741017272
1 44058U 19010B   19186.87983542 +.00000005 +00000-0 -21584-4 0  9993
2 44058 087.9025 043.6609 0001882 074.2886 285.8452 13.15300692017132
1 44058U 19010B   19185.89090476 +.00000100 +00000-0 +23371-3 0  9999
2 44058 087.9026 043.8577 0001896 074.1878 285.9461 13.15300631017004
1 44058U 19010B   19184.90197192 -.00000029 +00000-0 -11088-3 0  9997
2 44058 087.9026 044.0544 0001847 073.6252 286.5081 13.15300492016871
1 44058U 19010B   19184.52161356 -.00000018  00000-0 -82881-4 0  9996
2 44058  87.9026  44.1301 0001856  73.3843 286.7491 13.15300555 16828
1 44058U 19010B   19183.83696868 -.00000029 +00000-0 -11056-3 0  9997
2 44058 087.9026 044.2663 0001870 073.4599 286.6736 13.15300517016734
1 44058U 19010B   19182.84803885 +.00000145 +00000-0 +35306-3 0  9997
2 44058 087.9032 044.4634 0001949 074.3843 285.7502 13.15300594016602
1 44058U 19010B   19181.63089148 +.00000023 +00000-0 +27366-4 0  9994
2 44058 087.9035 044.7056 0001964 075.2098 284.9249 13.15300437016442
1 44058U 19010B   19180.71803032 -.00000065 +00000-0 -20653-3 0  9997
2 44058 087.9042 044.8932 0001854 096.4435 263.6906 13.15300434016320
1 44058U 19010B   19180.18553181 -.00000102  00000-0 -30518-3 0  9998
2 44058  87.9024  44.9936 0002604  66.6332 293.5072 13.15302357 16258
1 44058U 19010B   19179.80517184 -.00000119 +00000-0 -35279-3 0  9995
2 44058 087.8871 045.0692 0001981 074.1428 285.9920 13.15294813016204
1 44058U 19010B   19178.58802019 -.00000116 +00000-0 -34317-3 0  9992
2 44058 087.8872 045.3133 0002013 074.8267 285.3085 13.15294747016047
1 44058U 19010B   19177.14265317 -.00000004 +00000-0 -45430-4 0  9992
2 44058 087.8873 045.6031 0002023 075.0865 285.0489 13.15294725015855
1 44058U 19010B   19176.83836544 +.00000025 +00000-0 +33757-4 0  9993
2 44058 087.8873 045.6641 0002024 074.8688 285.2666 13.15294708015819
1 44058U 19010B   19176.15371804  .00000096  00000-0  22055-3 0  9997
2 44058  87.8874  45.8014 0002037  74.9238 285.2117 13.15294721 15728
1 44058U 19010B   19175.54514247 +.00000149 +00000-0 +36256-3 0  9996
2 44058 087.8875 045.9235 0002051 074.9514 285.1843 13.15294736015640
1 44058U 19010B   19174.70835082 +.00000185 +00000-0 +45845-3 0  9990
2 44058 087.8876 046.0912 0002066 075.0824 285.0535 13.15294737015533
1 44058U 19010B   19173.71941479 +.00000174 +00000-0 +43062-3 0  9995
2 44058 087.8877 046.2895 0002074 075.3079 284.8281 13.15294733015407
1 44058U 19010B   19172.73047841  .00000111  00000-0  26289-3 0  9999
2 44058  87.8838  46.4863 0002256  76.7074 283.4242 13.15291748 15273
1 44058U 19010B   19171.89368597 +.00000030 +00000-0 +45976-4 0  9994
2 44058 087.8879 046.6555 0002109 076.0924 284.0441 13.15294611015160
1 44058U 19010B   19170.90474945 -.00000062 +00000-0 -20080-3 0  9995
2 44058 087.8880 046.8538 0002130 076.6119 283.5248 13.15294492015033
1 44058U 19010B   19170.37224519 -.00000093  00000-0 -28232-3 0  9997
2 44058  87.8880  46.9605 0002131  77.0944 283.0424 13.15294457 14964
1 44058U 19010B   19169.68759699 -.00000113 +00000-0 -33508-3 0  9996
2 44058 087.8881 047.0978 0002136 077.1017 283.0352 13.15294400014875
1 44058U 19010B   19168.69866106 -.00000085 +00000-0 -26061-3 0  9992
2 44058 087.8881 047.2960 0002145 077.4036 282.7334 13.15294337014743
1 44058U 19010B   19167.70972545 -.00000012 +00000-0 -65438-4 0  9990
2 44058 087.8882 047.4943 0002150 077.6821 282.4549 13.15294262014615
1 44058U 19010B   19166.72078910 +.00000004 +00000-0 -23509-4 0  9997
2 44058 087.8880 047.6923 0002082 077.6524 282.4839 13.15294212014489
1 44058U 19010B   19166.26435681 -.00000017  00000-0 -79208-4 0  9990
2 44058  87.8875  47.7864 0001991  85.1343 274.9917 13.15295047 14423
1 44058U 19010B   19165.73185418 +.00000130 +00000-0 +31367-3 0  9998
2 44058 087.8885 047.8908 0002167 078.5140 281.6233 13.15294135014356
1 44058U 19010B   19165.19935006  .00000197  00000-0  49026-3 0  9998
2 44058  87.8902  47.9997 0001958  85.7512 274.3778 13.15294058 14284
1 44058U 19010B   19164.74291799 +.00000199 +00000-0 +49520-3 0  9993
2 44058 087.8887 048.0889 0002156 078.1376 281.9996 13.15294231014226
1 44058U 19010B   19164.36255778  .00000191  00000-0  47442-3 0  9991
2 44058  87.8888  48.1652 0002151  78.1142 282.0229 13.15294253 14171
1 44058U 19010B   19163.75398149 +.00000161 +00000-0 +39498-3 0  9992
2 44058 087.8888 048.2871 0002155 078.3005 281.8367 13.15294088014096
1 44058U 19010B   19162.68897209 +.00000069 +00000-0 +15085-3 0  9997
2 44058 087.8911 048.5037 0002262 083.7230 276.4158 13.15296525013959
1 44058U 19010B   19162.61289927  .00000062  00000-0  13105-3 0  9996
2 44058  87.8890  48.5156 0002165  78.7009 281.4364 13.15298008 13949
1 44058U 19010B   19161.62396511 -.00000036 +00000-0 -13099-3 0  9999
2 44058 087.8891 048.7138 0002175 079.0120 281.1255 13.15297957013815
1 44058U 19010B   19160.71110300 -.00000108 +00000-0 -32270-3 0  9990
2 44058 087.8891 048.8967 0002178 079.3060 280.8315 13.15297852013698
1 44058U 19010B   19159.72216936 -.00000128 +00000-0 -37457-3 0  9995
2 44058 087.8891 049.0948 0002184 079.6076 280.5300 13.15297778013561
1 44058U 19010B   19158.73323613 -.00000079 +00000-0 -24412-3 0  9998
2 44058 087.8891 049.2930 0002192 080.0256 280.1121 13.15297724013433
1 44058U 19010B   19158.42894904 -.00000056  00000-0 -18370-3 0  9991
2 44058  87.8891  49.3539 0002194  80.1688 279.9690 13.15297698 13393
1 44058U 19010B   19157.82037494 +.00000006 +00000-0 -18190-4 0  9992
2 44058 087.8892 049.4759 0002195 080.3268 279.8110 13.15297662013315
1 44058U 19010B   19156.90751376 +.00000097 +00000-0 +22463-3 0  9998
2 44058 087.8893 049.6587 0002195 080.6622 279.4757 13.15297600013195
1 44058U 19010B   19155.84250882 +.00000182 +00000-0 +44973-3 0  9991
2 44058 087.8894 049.8720 0002200 080.8676 279.2703 13.15297565013059
1 44058U 19010B   19154.85357520 +.00000192 +00000-0 +47659-3 0  9993
2 44058 087.8896 050.0701 0002199 081.1792 278.9587 13.15297477012927
1 44058U 19010B   19153.86464102 +.00000163 +00000-0 +39975-3 0  9998
2 44058 087.8898 050.2682 0002201 081.3971 278.7408 13.15297490012794
1 44058U 19010B   19153.17999405  .00000113  00000-0  26647-3 0  9998
2 44058  87.8899  50.4053 0002199  81.5286 278.6093 13.15297494 12700
1 44058U 19010B   19151.43034054 -.00000096 +00000-0 -28962-3 0  9999
2 44058 087.8899 050.7556 0002206 082.1355 278.0026 13.15297287012478
1 44058U 19010B   19150.82176554 -.00000136 +00000-0 -39728-3 0  9990
2 44058 087.8900 050.8775 0002208 082.0174 278.1207 13.15297255012393
1 44058U 19010B   19150.28926249 -.00000143  00000-0 -41487-3 0  9997
2 44058  87.8900  50.9842 0002214  82.8730 277.2652 13.15297279 12325
1 44058U 19010B   19149.83283145 -.00000141 +00000-0 -40888-3 0  9999
2 44058 087.8900 051.0756 0002212 082.9889 277.1492 13.15297228012263
1 44058U 19010B   19148.91996996 -.00000092 +00000-0 -28008-3 0  9997
2 44058 087.8899 051.2582 0002245 083.3359 276.8026 13.15303710012142
1 44058U 19010B   19147.93104144 -.00000000 +00000-0 -34917-4 0  9990
2 44058 087.8898 051.4563 0002237 084.1686 275.9699 13.15303669012010
1 44058U 19010B   19147.17032718  .00000078  00000-0  17328-3 0  9992
2 44058  87.8895  51.6083 0002179  83.0163 277.1215 13.15304081 11914
1 44058U 19010B   19146.78997002 +.00000115 +00000-0 +27360-3 0  9993
2 44058 087.8888 051.6836 0002253 085.0715 275.0672 13.15305310011864
1 44058U 19010B   19145.95306060 +.00000197 +00000-0 +49264-3 0  9996
2 44058 087.8899 051.8522 0002157 098.4759 261.6616 13.14982623011753
1 44058U 19010B   19145.42016146  .00000165  00000-0  40824-3 0  9999
2 44058  87.8885  51.9567 0002449  85.4214 273.4265 13.14982683 11683
1 44058U 19010B   19145.29412944  .00593274  00000-0  14740+1 0  9993
2 44058  87.9749  51.9991 0009203 344.4945 138.0034 13.17355372 11668
1 44058U 19010B   19144.65959850  .00000167  00000-0  40824-3 0  9993
2 44058  87.8993  52.1109 0003185 122.2496 237.8943 13.15566567 11584
1 44058U 19010B   19144.35536967  .00000141  00000-0  33803-3 0  9991
2 44058  87.8957  52.1718 0003248 155.6160 204.5124 13.15795473 11546
1 44058U 19010B   19143.74716234 +.00000085 +00000-0 +19028-3 0  9990
2 44058 087.9222 052.2920 0002076 100.1172 260.0193 13.16434625011468
1 44058U 19010B   19143.36713129  .00000067  00000-0  14175-3 0  9996
2 44058  87.9223  52.3670 0002061  99.8678 260.2685 13.16434688 11413
1 44058U 19010B   19142.98707954  .00000052  00000-0  10199-3 0  9998
2 44058  87.8990  52.4455 0007088 210.9352 149.1362 13.16697084 11366
1 44058U 19010B   19141.77192139  .00000070  00000-0  14412-3 0  9999
2 44058  87.9552  52.6915 0005140 126.0208 234.1401 13.18562657 11209
1 44058U 19010B   19141.54430878  .00000071  00000-0  14773-3 0  9990
2 44058  87.9641  52.7981 0005998  25.4839 334.6588 13.18514110 11174
1 44058U 19010B   19141.39258884  .00000087  00000-0  18548-3 0  9999
2 44058  87.9618  52.7481 0004374  63.6541 296.5041 13.19400274 11158
1 44058U 19010B   19140.17461050  .00000038  00000-0  60237-4 0  9994
2 44058  87.9968  53.0292 0021052 333.5559   1.0066 13.21935400 10994
1 44058U 19010B   19137.30790365  .00000040  00000-0  60237-4 0  9992
2 44058  88.0410  53.5356 0003916  70.7321 289.4239 13.26328472 10613
1 44058U 19010B   19137.00619102  .00000037  00000-0  54285-4 0  9990
2 44058  88.0224  53.6267 0002771 176.5274 183.5883 13.26904497 10579
1 44058U 19010B   19136.70463230 +.00000033 +00000-0 +44248-4 0  9999
2 44058 088.0553 053.6495 0002601 111.5198 248.6217 13.27455534010537
1 44058U 19010B   19136.70463230  .00000033  00000-0  44248-4 0  9999
2 44058  88.0553  53.6495 0002601 111.5198 248.6217 13.27455534 10537
1 44058U 19010B   19136.47851818  .00000027  00000-0  31705-4 0  9993
2 44058  88.0671  53.6830 0004309 184.4386 175.6714 13.27916891 10502
1 44058U 19010B   19136.32781705  .00000024  00000-0  24036-4 0  9990
2 44058  88.0671  53.7075 0002565 149.4685 210.5803 13.28089747 10486
1 44058U 19010B   19135.87589178  .00000005  00000-0 -17285-4 0  9997
2 44058  88.0653  53.8120 0001694 101.6658 258.4670 13.28422137 10421
1 44058U 19010B   19134.89672045 +.00000017 +00000-0 +85691-5 0  9993
2 44058 088.0652 053.9961 0001678 101.0146 259.1181 13.28422344010292
1 44058U 19010B   19134.59543720  .00000026  00000-0  28876-4 0  9998
2 44058  88.0651  54.0528 0001693  99.4298 260.7031 13.28422599 10257
1 44058U 19010B   19133.31503867  .00000037  00000-0  52256-4 0  9996
2 44058  88.0663  54.2936 0007533  52.0145 308.1672 13.28451699 10082
1 44058U 19010B   19132.78778768  .00000033  00000-0  43968-4 0  9996
2 44058  88.0602  54.3879 0008917  67.9085 292.2999 13.28295878 10010
1 44058U 19010B   19132.56182327 +.00000031 +00000-0 +38875-4 0  9991
2 44058 088.0665 054.4332 0009535 053.7251 306.4766 13.28329081009987
1 44058U 19010B   19131.88390335 +.00000025 +00000-0 +25246-4 0  9996
2 44058 088.0629 054.5621 0012350 049.9703 310.2517 13.28221979009891
1 44058U 19010B   19131.88390335  .00000025  00000-0  25246-4 0  9996
2 44058  88.0629  54.5621 0012350  49.9703 310.2517 13.28221979  9891
1 44058U 19010B   19131.28127945  .00000029  00000-0  34827-4 0  9994
2 44058  88.0642  54.6733 0014730  49.6425 310.5996 13.28232872  9813
1 44058U 19010B   19130.90463910  .00000035  00000-0  48792-4 0  9990
2 44058  88.0706  54.7509 0015507  55.8692 304.3914 13.28226894  9766
1 44058U 19010B   19130.60333165  .00000044  00000-0  67010-4 0  9999
2 44058  88.0660  54.8170 0019318  42.8800 317.3840 13.28331564  9720
1 44058U 19010B   19130.52798996  .00000034  00000-0  45453-4 0  9993
2 44058  88.0615  54.8345 0015693  67.2264 293.0530 13.28294524  9710
1 44058U 19010B   19129.69951360  .00000036  00000-0  48806-4 0  9992
2 44058  88.0721  54.9731 0018821  54.3207 305.9680 13.29151873  9605
1 44058U 19010B   19129.69951360 +.00000036 +00000-0 +48806-4 0  9992
2 44058 088.0721 054.9731 0018821 054.3207 305.9680 13.29151873009605
1 44058U 19010B   19129.39843916  .00000061  00000-0  10392-3 0  9992
2 44058  88.0740  55.0497 0020366  45.1207 315.1580 13.29559921  9565
1 44058U 19010B   19128.72130886  .00000054  00000-0  87290-4 0  9997
2 44058  88.0639  55.1580 0019222  50.2245 310.0583 13.30324796  9473
1 44058U 19010B   19128.42047738  .00000047  00000-0  71651-4 0  9993
2 44058  88.0591  55.2164 0018452  51.0244 309.2535 13.30608610  9434
1 44058U 19010B   19127.96937250  .00000041  00000-0  59343-4 0  9996
2 44058  88.0439  55.2993 0020298  50.7571 309.5366 13.31110381  9377
1 44058U 19010B   19127.74387206  .00000041  00000-0  57184-4 0  9993
2 44058  88.0380  55.3386 0019603  56.9183 303.3835 13.31302621  9344
1 44058U 19010B   19127.44328556  .00000039  00000-0  53437-4 0  9997
2 44058  88.0044  55.4529 0022170  49.8955 310.4123 13.31670401  9301
1 44058U 19010B   19127.21787171  .00000040  00000-0  55797-4 0  9997
2 44058  88.0278  55.4421 0019400  54.2837 306.0104 13.31880819  9274
1 44058U 19010B   19126.91737047 +.00000039 +00000-0 +53788-4 0  9996
2 44058 088.0278 055.4999 0019419 054.9986 305.2973 13.31880715009232
1 44058U 19010B   19126.16611717  .00000048  00000-0  72071-4 0  9994
2 44058  88.0277  55.6445 0019459  56.9555 303.3451 13.31880740  9134
1 44058U 19010B   19125.86561579 +.00000046 +00000-0 +68647-4 0  9992
2 44058 088.0273 055.7020 0019482 057.8197 302.4829 13.31880607009094
1 44058U 19010B   19125.33976616  .00000041  00000-0  56559-4 0  9990
2 44058  88.0174  55.8044 0019758  59.8227 300.4867 13.32210626  9025
1 44058U 19010B   19124.88918583 +.00000036 +00000-0 +46242-4 0  9990
2 44058 088.0120 055.8922 0019544 060.6602 299.6488 13.32664020008962
1 44058U 19010B   19124.88918583  .00000036  00000-0  46242-4 0  9990
2 44058  88.0120  55.8922 0019544  60.6602 299.6488 13.32664020  8962
1 44058U 19010B   19124.36371799  .00000033  00000-0  40756-4 0  9996
2 44058  87.9996  55.9825 0021122  61.4524 298.8739 13.33162626  8899
1 44058U 19010B   19123.98850774  .00000034  00000-0  40846-4 0  9999
2 44058  87.9869  56.0715 0020345  60.7177 299.5994 13.33615329  8849
1 44058U 19010B   19123.83845124  .00000033  00000-0  39843-4 0  9990
2 44058  87.9759  56.0854 0019523  62.9031 297.4099 13.33779365  8822
1 44058U 19010B   19123.46338656 +.00000033 +00000-0 +38367-4 0  9996
2 44058 087.9831 056.1727 0019361 063.9191 296.3940 13.33909546008774
1 44058U 19010B   19122.86329733 +.00000028 +00000-0 +30025-4 0  9992
2 44058 087.9829 056.2913 0019423 065.1905 295.1253 13.33909674008692
1 44058U 19010B   19122.78828625  .00000028  00000-0  29716-4 0  9992
2 44058  87.9828  56.3064 0019453  65.2921 295.0243 13.33909837  8689
1 44058U 19010B   19122.56325491 +.00000027 +00000-0 +27735-4 0  9999
2 44058 087.9833 056.3500 0019877 064.8793 295.4407 13.33908353008657
1 44058U 19010B   19122.11321165  .00000026  00000-0  25734-4 0  9990
2 44058  87.9781  56.4390 0019584  66.6862 293.6338 13.34209809  8596
1 44058U 19010B   19121.73827050  .00000028  00000-0  27857-4 0  9991
2 44058  87.9772  56.5291 0020276  80.0316 280.3075 13.34660285  8546
1 44058U 19010B   19121.58833344  .00000042  00000-0  57175-4 0  9999
2 44058  87.9593  56.5488 0018825  72.7944 287.5317 13.34792079  8520
1 44058U 19010B   19121.13860551  .00000033  00000-0  38455-4 0  9990
2 44058  87.9555  56.6352 0019318  70.3439 289.9785 13.35090704  8465
1 44058U 19010B   19120.91378984 +.00000034 +00000-0 +41086-4 0  9994
2 44058 087.9455 056.6774 0019217 069.0272 291.2924 13.35342213008433
1 44058U 19010B   19120.76389112  .00000039  00000-0  50398-4 0  9993
2 44058  87.9418  56.7153 0018645  68.7025 291.4268 13.35526698  8412
1 44058U 19010B   19120.46424808  .00000039  00000-0  50398-4 0  9992
2 44058  87.9473  56.7515 0017498  78.7632 281.5476 13.35699317  8370
1 44058U 19010B   19120.16464574  .00000042  00000-0  56160-4 0  9990
2 44058  87.9303  56.8314 0019390  72.3166 288.0091 13.35998563  8331
1 44058U 19010B   19119.93996381 +.00000025 +00000-0 +21684-4 0  9993
2 44058 087.9303 056.8771 0019393 072.8793 287.4471 13.35998547008306
1 44058U 19010B   19118.89144802  .00000037  00000-0  45676-4 0  9990
2 44058  87.9301  57.0905 0019397  75.4981 284.8311 13.35998614  8161
1 44058U 19010B   19117.46884158  .00000057  00000-0  82167-4 0  9995
2 44058  87.9063  57.3808 0019498  79.3406 280.9932 13.37050370  7972
1 44058U 19010B   19116.42149648  .00000056  00000-0  80325-4 0  9991
2 44058  87.8828  57.5992 0018972  82.7477 277.5822 13.38034279  7834
1 44058U 19010B   19116.42149648 +.00000056 +00000-0 +80325-4 0  9991
2 44058 087.8828 057.5992 0018972 082.7477 277.5822 13.38034279007834
1 44058U 19010B   19115.89811853 +.00000054 +00000-0 +74827-4 0  9993
2 44058 087.8709 057.7079 0018869 078.7541 281.5722 13.38496644007766
1 44058U 19010B   19115.89811853  .00000054  00000-0  74827-4 0  9993
2 44058  87.8709  57.7079 0018869  78.7541 281.5722 13.38496644  7766
1 44058U 19010B   19115.52438306 +.00000055 +00000-0 +77128-4 0  9999
2 44058 087.8587 057.7823 0018828 090.8159 269.5142 13.38868607007711
1 44058U 19010B   19115.52438306  .00000055  00000-0  77128-4 0  9999
2 44058  87.8587  57.7823 0018828  90.8159 269.5142 13.38868607  7711
1 44058U 19010B   19115.37492741  .00000056  00000-0  78747-4 0  9994
2 44058  87.8585  57.8197 0019725  83.5564 276.7824 13.39003071  7691
1 44058U 19010B   19114.92662867 +.00000057 +00000-0 +80528-4 0  9993
2 44058 087.8466 057.9145 0019370 085.5432 274.7924 13.39425952007634
1 44058U 19010B   19114.55311609 +.00000059 +00000-0 +82883-4 0  9995
2 44058 087.8465 057.9942 0019360 086.5575 273.7783 13.39426104007582
1 44058U 19010B   19114.17960354  .00000058  00000-0  81411-4 0  9995
2 44058  87.8467  58.0745 0019385  87.7067 272.6296 13.39425962  7536
1 44058U 19010B   19113.80608926  .00000056  00000-0  77021-4 0  9998
2 44058  87.8472  58.1540 0019266  93.8917 266.4430 13.39692810  7489
1 44058U 19010B   19113.43272586  .00000052  00000-0  69192-4 0  9992
2 44058  87.8441  58.2323 0020156  87.6211 272.7240 13.40369845  7438
1 44058U 19010B   19113.13419918  .00000049  00000-0  62264-4 0  9990
2 44058  87.8563  58.2968 0019528  96.6401 263.5882 13.41408077  7397
1 44058U 19010B   19113.05920550  .00000049  00000-0  62264-4 0  9990
2 44058  87.8511  58.3297 0020817  92.8116 265.5119 13.41748722  7388
1 44058U 19010B   19112.46326979  .00000050  00000-0  62264-4 0  9991
2 44058  87.8353  58.4442 0019403  91.4676 268.8693 13.43214571  7307
1 44058U 19010B   19111.64446317  .00000041  00000-0  45341-4 0  9996
2 44058  87.7910  58.5520 0014871  47.5358 312.7044 13.45292285  7192
1 44058U 19010B   19111.42136305  .00000040  00000-0  43625-4 0  9997
2 44058  87.8276  58.6603 0018561  98.7011 261.6240 13.46060512  7169
1 44058U 19010B   19111.19838428  .00000040  00000-0  43508-4 0  9996
2 44058  87.8283  58.7240 0023115  97.7395 262.6378 13.45468499  7135
1 44058U 19010B   19110.60426830  .00000038  00000-0  38271-4 0  9999
2 44058  87.8299  58.8509 0019807 102.4882 257.8484 13.48127271  7057
1 44058U 19010B   19110.53005547  .00000037  00000-0  36591-4 0  9991
2 44058  87.8248  58.8606 0019022  97.8368 262.4942 13.48438540  7048
1 44058U 19010B   19109.19570476  .00000038  00000-0  36547-4 0  9991
2 44058  87.8449  59.1908 0027558 116.8209 243.5765 13.51639021  6862
1 44058U 19010B   19109.19570476 +.00000038 +00000-0 +36547-4 0  9991
2 44058 087.8449 059.1908 0027558 116.8209 243.5765 13.51639021006862
1 44058U 19010B   19108.89967335  .00000036  00000-0  31811-4 0  9998
2 44058  87.8055  59.1978 0018752  99.6521 260.6749 13.52449541  6828
1 44058U 19010B   19108.60380639  .00000035  00000-0  30536-4 0  9995
2 44058  87.8138  59.2830 0018878 103.2895 257.0363 13.53275489  6789
1 44058U 19010B   19107.64345800 +.00000039 +00000-0 +34976-4 0  9995
2 44058 087.8056 059.5051 0018431 101.2842 259.0384 13.55812219006652
1 44058U 19010B   19106.53764064  .00000053  00000-0  52511-4 0  9990
2 44058  87.8010  59.7468 0018661 107.8344 252.4849 13.58901280  6507
1 44058U 19010B   19104.40561834  .00000068  00000-0  66097-4 0  9994
2 44058  87.7968  60.2200 0019216 116.8741 238.4910 13.64552424  6217
1 44058U 19010B   19103.38107141  .00000071  00000-0  66097-4 0  9991
2 44058  87.7841  60.4543 0018996 120.0068 240.2979 13.67280044  6071
1 44058U 19010B   19102.79591277  .00000075  00000-0  68874-4 0  9991
2 44058  87.7764  60.5989 0018697 119.0956 241.2080 13.69600953  5993
1 44058U 19010B   19101.91921655 +.00000074 +00000-0 +67031-4 0  9994
2 44058 087.7763 060.8021 0018643 121.4581 238.8405 13.69600868005879
1 44058U 19010B   19101.40781035  .00000072  00000-0  65179-4 0  9993
2 44058  87.7762  60.9207 0018604 122.8461 237.4494 13.69600813  5800
1 44058U 19010B   19100.89640419 +.00000064 +00000-0 +56065-4 0  9990
2 44058 087.7761 061.0392 0018577 124.2259 236.0666 13.69600711005731
1 44058U 19010B   19099.94664963 +.00000055 +00000-0 +45675-4 0  9998
2 44058 087.7760 061.2594 0018510 126.8110 233.4752 13.69600605005602
1 44058U 19010B   19098.92383687  .00000047  00000-0  35829-4 0  9997
2 44058  87.7758  61.4966 0018439 129.5960 230.6832 13.69600513  5467
1 44058U 19010B   19098.92383687 +.00000047 +00000-0 +35829-4 0  9997
2 44058 087.7758 061.4966 0018439 129.5960 230.6832 13.69600513005467
1 44058U 19010B   19097.90102395 +.00000050 +00000-0 +39236-4 0  9999
2 44058 087.7757 061.7337 0018362 132.3863 227.8856 13.69600485005327
1 44058U 19010B   19096.95126901 +.00000047 +00000-0 +35948-4 0  9994
2 44058 087.7755 061.9540 0018286 134.9919 225.2727 13.69600427005198
1 44058U 19010B   19096.87821094  .00000048  00000-0  36947-4 0  9991
2 44058  87.7755  61.9709 0018280 135.1918 225.0722 13.69600426  5182
1 44058U 19010B   19096.58597863 +.00000046 +00000-0 +35225-4 0  9999
2 44058 087.7754 062.0387 0018254 135.9908 224.2710 13.69600389005145
1 44058U 19010B   19095.92845590 +.00000044 +00000-0 +32738-4 0  9993
2 44058 087.7753 062.1912 0018196 137.8104 222.4461 13.69600355005059
1 44058U 19010B   19095.56316547 +.00000043 +00000-0 +32104-4 0  9994
2 44058 087.7752 062.2759 0018164 138.8252 221.4283 13.69600327005003
1 44058U 19010B   19094.90564270 +.00000046 +00000-0 +34963-4 0  9997
2 44058 087.7751 062.4284 0018106 140.6494 219.5987 13.69600289004917
1 44058U 19010B   19094.75952652  .00000045  00000-0  33571-4 0  9998
2 44058  87.7751  62.4622 0018093 141.0586 219.1882 13.69600264  4895
1 44058U 19010B   19093.95588751 +.00000046 +00000-0 +35560-4 0  9995
2 44058 087.7749 062.6486 0018021 143.2906 216.9493 13.69600210004785
1 44058U 19010B   19092.93307411 +.00000056 +00000-0 +46466-4 0  9992
2 44058 087.7747 062.8859 0017931 146.1415 214.0894 13.69600163004641
1 44058U 19010B   19091.91026065 +.00000051 +00000-0 +41382-4 0  9999
2 44058 087.7745 063.1231 0017838 149.0185 211.2032 13.69600030004500
1 44058U 19010B   19091.17967952  .00000050  00000-0  39515-4 0  9990
2 44058  87.7744  63.2926 0017774 151.0765 209.1385 13.69599936  4405
1 44058U 19010B   19090.96050516 +.00000052 +00000-0 +41758-4 0  9999
2 44058 087.7743 063.3434 0017753 151.6910 208.5220 13.69599940004376
1 44058U 19010B   19089.93769142 +.00000052 +00000-0 +41721-4 0  9996
2 44058 087.7741 063.5807 0017649 154.6120 205.5911 13.69599846004234
1 44058U 19010B   19088.91487756 +.00000030 +00000-0 +17325-4 0  9990
2 44058 087.7740 063.8181 0017542 157.5612 202.6320 13.69599709004095
1 44058U 19010B   19088.54958686 +.00000029 +00000-0 +16042-4 0  9997
2 44058 087.7740 063.9028 0017512 158.6033 201.5864 13.69599679004044
1 44058U 19010B   19087.96512177 +.00000029 +00000-0 +16350-4 0  9995
2 44058 087.7739 064.0386 0017423 160.2814 199.9024 13.69599647003961
1 44058U 19010B   19087.45371472 +.00000028 +00000-0 +15043-4 0  9997
2 44058 087.7739 064.1573 0017374 161.7654 198.4133 13.69599648003891
1 44058U 19010B   19086.94230768 +.00000027 +00000-0 +13680-4 0  9996
2 44058 087.7737 064.2757 0017318 163.2458 196.9278 13.69599657003827
1 44058U 19010B   19086.86924944  .00000028  00000-0  14311-4 0  9996
2 44058  87.7737  64.2924 0017376 163.4750 196.6981 13.69599734  3817
1 44058U 19010B   19085.48114551  .00000018  00000-0  34172-5 0  9995
2 44058  87.7747  64.6165 0017099 167.8178 192.3400 13.69636445  3622
1 44058U 19010B   19084.89669592  .00000016  00000-0  38252-6 0  9991
2 44058  87.7766  64.7559 0017293 169.8097 190.3418 13.69714428  3545
1 44058U 19010B   19084.89669592 +.00000016 +00000-0 +38252-6 0  9991
2 44058 087.7766 064.7559 0017293 169.8097 190.3418 13.69714428003545
1 44058U 19010B   19083.80105058 +.00000009 +00000-0 -66314-5 0  9995
2 44058 087.7732 065.0051 0016828 172.1846 187.9581 13.69982810003399
1 44058U 19010B   19082.92459781 +.00000061 +00000-0 +52725-4 0  9999
2 44058 087.7730 065.2087 0016734 174.7655 185.3684 13.69982862003270
1 44058U 19010B   19081.46384690 +.00000058 +00000-0 +49128-4 0  9992
2 44058 087.7729 065.5481 0015955 179.5922 180.5255 13.70176082003073
1 44058U 19010B   19080.95265484 +.00000065 +00000-0 +57048-4 0  9992
2 44058 087.7728 065.6668 0015889 181.1142 178.9987 13.70176078003000
1 44058U 19010B   19079.71118838 +.00000078 +00000-0 +71497-4 0  9992
2 44058 087.7726 065.9555 0015771 184.9523 175.1485 13.70175988002831
1 44058U 19010B   19079.49210604  .00000084  00000-0  78338-4 0  9999
2 44058  87.7726  66.0064 0015747 185.5735 174.5254 13.70176017  2801
1 44058U 19010B   19077.95852998 +.00000092 +00000-0 +87360-4 0  9990
2 44058 087.7723 066.3629 0015590 190.2726 169.8119 13.70175770002595
1 44058U 19010B   19077.52036536 +.00000089 +00000-0 +84381-4 0  9991
2 44058 087.7723 066.4648 0015552 191.5954 168.4852 13.70175678002532
1 44058U 19010B   19076.93614582 +.00000088 +00000-0 +82651-4 0  9995
2 44058 087.7722 066.6006 0015495 193.4352 166.6399 13.70175562002459
1 44058U 19010B   19076.05981643  .00000082  00000-0  76326-4 0  9999
2 44058  87.7721  66.8043 0015417 196.1718 163.8953 13.70175387  2338
1 44058U 19010B   19075.91376157 +.00000081 +00000-0 +74561-4 0  9999
2 44058 087.7720 066.8383 0015400 196.6026 163.4633 13.70175349002310
1 44058U 19010B   19074.96440467 +.00000063 +00000-0 +54545-4 0  9999
2 44058 087.7719 067.0591 0015317 199.5427 160.5149 13.70175131002180
1 44058U 19010B   19073.94202018  .00000053  00000-0  43443-4 0  9998
2 44058  87.7718  67.2968 0015216 202.7089 157.3401 13.70175001  2044
1 44058U 19010B   19072.91963557 +.00000039 +00000-0 +27306-4 0  9990
2 44058 087.7717 067.5345 0015141 205.9141 154.1264 13.70174875001900
1 44058U 19010B   19071.89725100 +.00000024 +00000-0 +10089-4 0  9990
2 44058 087.7716 067.7722 0015049 209.1517 150.8806 13.70174769001761
1 44058U 19010B   19071.82422354  .00000023  00000-0  85135-5 0  9992
2 44058  87.7716  67.7892 0015041 209.3704 150.6613 13.70174753  1757
1 44058U 19010B   19070.94789383 +.00000016 +00000-0 +92405-6 0  9993
2 44058 087.7715 067.9930 0014962 212.1431 147.8819 13.70174752001633
1 44058U 19010B   19070.58275644 +.00000013 +00000-0 -24539-5 0  9993
2 44058 087.7715 068.0779 0014935 213.3066 146.7157 13.70174750001588
1 44058U 19010B   19069.92550917 +.00000014 +00000-0 -11099-5 0  9996
2 44058 087.7711 068.2309 0014935 215.6966 144.3197 13.70174731001496
1 44058U 19010B   19069.48734437  .00000012  00000-0 -37894-5 0  9997
2 44058  87.7711  68.3328 0014906 217.1090 142.9042 13.70174718  1433
1 44058U 19010B   19068.53798755 -.00000024 +00000-0 -44158-4 0  9999
2 44058 087.7710 068.5537 0014811 220.0664 139.9406 13.70174515001302
1 44058U 19010B   19067.95376799 -.00000043 +00000-0 -65834-4 0  9999
2 44058 087.7710 068.6896 0014754 221.9897 138.0135 13.70174403001221
1 44058U 19010B   19067.07743845 -.00000058  00000-0 -82424-4 0  9992
2 44058  87.7710  68.8935 0014678 224.8379 135.1597 13.70174417  1101
1 44058U 19010B   19066.49321889 -.00000079 +00000-0 -10663-3 0  9995
2 44058 087.7710 069.0293 0014645 226.6869 133.3072 13.70174336001028
1 44058U 19010B   19065.90899924 -.00000080 +00000-0 -10798-3 0  9991
2 44058 087.7709 069.1652 0014624 228.6264 131.3640 13.70174408000943
1 44058U 19010B   19064.95964226 -.00000077 +00000-0 -10480-3 0  9997
2 44058 087.7709 069.3860 0014576 231.7585 128.2265 13.70174607000818
1 44058U 19010B   19064.52147758 -.00000077  00000-0 -10462-3 0  9993
2 44058  87.7709  69.4880 0014561 233.2193 126.7632 13.70174687   759
1 44058U 19010B   19059.84772872  .00000015  00000-0  00000+0 0  9996
2 44058  87.7723  70.5783 0014238 248.8170 111.1638 13.70173190   110
1 44058U 19010B   19059.84772872 +.00000015 +00000-0 +00000-0 0  9997
2 44058 087.7723 070.5783 0014238 248.8170 111.1638 13.70173190000110
1 44058U 19010B   19059.57842477  .00000015  00000-0  00000+0 0  9995
2 44058  87.7675  70.6402 0012640 253.3318 219.0618 13.70182688    78
1 44058U 19010B   19059.33649415  .00000015  00000-0  00000+0 0  9996
2 44058  87.7637  70.7012 0014539 242.3909 117.4369 13.70253529    41
1 44058U 19010B   19059.20744531  .00000015  00000-0  00000+0 0  9997
2 44058  87.7701  70.7126 0016013 242.1111 201.6056 13.70327996    28
1 44058U 19010B   19059.06618700  .00000015  00000-0  00000+0 0  9999
2 44058  87.7701  70.7455 0016013 242.5306 224.7568 13.70511298    05